GrayGrad<-c("#F7F0EA", "#E7EAE3", "#E1E4DD", "#D5D6D0", "#C5C6C0", "#BDBFBA", "#ACAEAB", "#9EA09F", "#8D8F8E", "#7E807F", "#686A69", "#5E605F", "#4F4F4F", "#404040", "#292929", "#212121", "#1F1F1F")
