GrayGrad<-c("#E1E4DD", "#D5D6D0", "#C5C6C0", "#BDBFBA", "#ACAEAB", "#9EA09F", "#8D8F8E", "#7E807F", "#686A69", "#5E605F", "#4F4F4F", "#404040", "#292929", "#212121", "#1F1F1F")
YellowGrad<-c("#E1B401", "#D3A605", "#C99F19", "#A07820", "#9A7421", "#886D2A", "#7A632D", "#65562F", "#4B432C", "#32311F", "#1E1D18", "#1B1A18", "#1C1C1C")
OrangeGrad<-c("#FDD492", "#FEC059", "#FEB334", "#FFA521", "#EC961F", "#DF8A1D", "#CA7A17", "#A26316", "#875017", "#674518", "#453418", "#352515", "#292315", "#1E1913", "#1A1A1A
