Monet_Poppies<-c("#CCCCCC", "#E6CCCC", "#E6E6CC", "#CCCCB3", "#E6E6E6", "#B3B3CC", "#B3CCCC", "#E6804D", "#CCB3B3", "#CCE6CC", "#E68066", "#CCB380", "#CCE6E6", "#99B3CC", "#E69966", "#E66633", "#E69980", "#CCCCE6")
Degas_Ballet<-c("#CCCCB3", "#B3B399", "#CCB399", "#CCB3B3", "#E6CCCC", "#CCCCCC", "#B3B3B3", "#E6CCB3", "#E6E6CC", "#CCCC99", "#E6E6E6", "#CCB380")
